header:
  seq: 13990
  stamp:
    secs: 1715159480
    nsecs: 357811734
  frame_id: "laser"
angle_min: -3.1415927410125732
angle_max: 3.1415927410125732
angle_increment: 0.0037399912253022194
time_increment: 0.0
scan_time: 0.0
range_min: 0.0
range_max: 30.0
ranges: [5.434999942779541, inf, 5.447000026702881, inf, inf, inf, inf, 5.428999900817871, 5.438000202178955, 5.438000202178955, 5.439000129699707, inf, 5.451000213623047, 5.445000171661377, 5.447999954223633, 5.448999881744385, 5.433000087738037, 5.446000099182129, 5.441999912261963, 5.434000015258789, 5.442999839782715, inf, 5.440999984741211, 5.451000213623047, 5.447000026702881, 5.448999881744385, 5.447000026702881, 5.446000099182129, 5.460000038146973, 5.454999923706055, 5.452000141143799, inf, 5.480000019073486, 5.480000019073486, 5.480000019073486, 5.492000102996826, 5.48799991607666, 5.493000030517578, 5.488999843597412, 5.48199987411499, inf, 5.49399995803833, inf, 5.48799991607666, 5.507999897003174, 5.520999908447266, inf, inf, 4.315000057220459, inf, 5.520999908447266, 5.5269999504089355, inf, 3.924999952316284, inf, inf, inf, 5.560999870300293, 5.561999797821045, inf, 3.946000099182129, inf, inf, 5.5879998207092285, 5.585000038146973, 5.585000038146973, inf, 5.580999851226807, inf, 5.620999813079834, 5.616000175476074, 5.622000217437744, 5.626999855041504, 5.638000011444092, 5.646999835968018, 5.646999835968018, 5.6479997634887695, inf, 5.658999919891357, 5.6570000648498535, 5.677000045776367, 5.670000076293945, 5.681000232696533, 5.689000129699707, 5.693999767303467, 5.696000099182129, 5.710000038146973, 5.710999965667725, 5.706999778747559, inf, 5.7220001220703125, 5.732999801635742, 5.73199987411499, 5.744999885559082, 5.749000072479248, 5.760000228881836, 5.764999866485596, 5.769999980926514, 5.7820000648498535, 5.7829999923706055, inf, inf, inf, 4.619999885559082, inf, inf, 5.889999866485596, inf, inf, 4.664999961853027, inf, inf, inf, inf, 4.239999771118164, inf, 5.73799991607666, 5.73799991607666, 5.750999927520752, inf, 4.284999847412109, inf, inf, inf, 5.815000057220459, 5.818999767303467, 5.8379998207092285, 5.848999977111816, 5.859000205993652, 5.860000133514404, 5.869999885559082, inf, 5.888000011444092, 5.895999908447266, 5.921999931335449, 5.921000003814697, 5.947000026702881, 5.947000026702881, 5.931000232696533, inf, inf, inf, inf, inf, 6.09499979019165, 6.120999813079834, 6.120999813079834, 6.150000095367432, 6.15500020980835, 6.15500020980835, 6.183000087738037, inf, 6.195000171661377, 6.209000110626221, 6.232999801635742, 6.235000133514404, inf, 5.078000068664551, inf, inf, inf, inf, 5.36899995803833, inf, inf, 6.370999813079834, 6.401000022888184, 6.415999889373779, 6.432000160217285, inf, inf, inf, inf, 6.52400016784668, 6.539999961853027, inf, inf, 6.60699987411499, 6.567999839782715, inf, 7.197000026702881, 7.214000225067139, inf, 7.175000190734863, 7.164000034332275, 7.140999794006348, inf, inf, inf, inf, inf, inf, inf, 5.7179999351501465, inf, inf, inf, 5.769000053405762, inf, inf, 7.35099983215332, 7.374000072479248, 7.385000228881836, 7.415999889373779, 7.434999942779541, inf, inf, inf, inf, 5.3979997634887695, inf, inf, inf, inf, inf, inf, 7.855000019073486, inf, inf, 7.916999816894531, 7.934999942779541, 7.966000080108643, 7.989999771118164, 8.013999938964844, inf, inf, inf, inf, 6.414000034332275, inf, inf, 6.441999912261963, inf, inf, inf, inf, inf, inf, inf, inf, inf, inf, 8.637999534606934, 8.637999534606934, 8.621999740600586, 8.647000312805176, inf, inf, inf, inf, inf, inf, inf, inf, 8.904999732971191, 8.913000106811523, 8.878000259399414, inf, inf, inf, inf, inf, inf, inf, inf, inf, inf, inf, inf, inf, inf, inf, inf, 9.008999824523926, inf, inf, inf, inf, inf, inf, inf, inf, inf, inf, inf, inf, 10.753999710083008, inf, 10.847999572753906, 10.909000396728516, inf, inf, inf, inf, inf, inf, 10.402000427246094, inf, 10.270999908447266, inf, 13.413999557495117, inf, 13.395000457763672, 13.375, 13.342000007629395, 13.321000099182129, inf, 10.54800033569336, 10.579000473022461, inf, inf, inf, 3.3499999046325684, 3.3510000705718994, 3.3410000801086426, 3.3269999027252197, 3.328000068664551, 3.312000036239624, 3.312000036239624, 3.3010001182556152, 3.2860000133514404, inf, 3.2760000228881836, 3.2760000228881836, 3.2720000743865967, 3.2769999504089355, 3.2699999809265137, 3.2720000743865967, 3.2809998989105225, 3.302999973297119, inf, inf, 3.125999927520752, 3.118000030517578, 3.1059999465942383, inf, 3.0810000896453857, 3.069000005722046, 3.069000005722046, 3.0429999828338623, 3.0429999828338623, inf, 3.0290000438690186, 3.0209999084472656, 3.00600004196167, 3.005000114440918, 2.996000051498413, 2.9839999675750732, 2.9690001010894775, 2.9690001010894775, 2.9600000381469727, inf, 2.937999963760376, inf, 2.953000068664551, 2.9619998931884766, 2.9709999561309814, 2.9739999771118164, 2.990000009536743, inf, inf, inf, inf, inf, 2.6480000019073486, 2.6519999504089355, 2.6559998989105225, 2.6489999294281006, 2.6570000648498535, 2.6610000133514404, 2.6540000438690186, inf, 2.6519999504089355, 2.6519999504089355, inf, inf, 2.259000062942505, 2.240000009536743, 2.249000072479248, 2.246999979019165, 2.247999906539917, inf, 2.234999895095825, 2.234999895095825, 2.2209999561309814, 2.2070000171661377, 2.2239999771118164, 2.2249999046325684, 2.2239999771118164, 2.2239999771118164, 2.2090001106262207, 2.2100000381469727, inf, 2.2090001106262207, 2.2100000381469727, 2.2109999656677246, 2.194999933242798, 2.197000026702881, 2.200000047683716, 2.197000026702881, 2.197000026702881, 2.197999954223633, 2.186000108718872, 2.196000099182129, inf, 2.2039999961853027, 2.197999954223633, 2.194000005722046, 2.2039999961853027, 2.2109999656677246, inf, inf, inf, inf, 2.622999906539917, inf, inf, inf, inf, 1.3930000066757202, inf, 1.2330000400543213, 1.2319999933242798, 1.2239999771118164, 1.2139999866485596, 1.2070000171661377, 1.225000023841858, inf, 1.218999981880188, 1.2230000495910645, 1.2309999465942383, 1.2239999771118164, 1.2269999980926514, 1.2209999561309814, 1.2139999866485596, inf, 1.24399995803833, 1.2430000305175781, inf, inf, inf, 1.2940000295639038, inf, inf, inf, inf, inf, inf, 0.6510000228881836, 0.6079999804496765, 0.6309999823570251, inf, 0.6140000224113464, 0.6119999885559082, 0.6100000143051147, 0.6029999852180481, 0.6110000014305115, 0.6140000224113464, 0.6029999852180481, 0.6050000190734863, 0.6050000190734863, inf, 0.6150000095367432, 0.6119999885559082, 0.6140000224113464, 0.6190000176429749, 0.6209999918937683, inf, inf, inf, inf, inf, inf, inf, inf, inf, inf, inf, inf, inf, inf, inf, inf, inf, inf, inf, inf, inf, inf, inf, inf, inf, inf, inf, inf, inf, inf, inf, inf, inf, inf, inf, inf, inf, inf, inf, inf, inf, inf, inf, inf, inf, inf, inf, inf, inf, inf, inf, inf, inf, inf, inf, inf, inf, inf, inf, inf, inf, inf, inf, inf, inf, inf, inf, inf, inf, inf, inf, inf, inf, inf, inf, inf, inf, inf, inf, inf, inf, inf, inf, inf, inf, inf, inf, inf, inf, inf, inf, inf, inf, inf, inf, inf, inf, inf, inf, inf, inf, inf, inf, inf, inf, inf, inf, inf, inf, inf, inf, inf, inf, inf, inf, inf, inf, inf, inf, inf, inf, inf, inf, inf, inf, inf, inf, inf, inf, inf, inf, inf, inf, inf, inf, inf, inf, inf, inf, inf, inf, inf, inf, inf, inf, inf, inf, inf, inf, inf, inf, inf, inf, inf, inf, inf, inf, inf, inf, inf, inf, inf, inf, inf, inf, inf, inf, inf, inf, inf, inf, inf, inf, inf, inf, inf, inf, inf, inf, inf, inf, inf, inf, inf, inf, inf, inf, inf, inf, inf, inf, inf, inf, inf, inf, inf, inf, inf, inf, inf, inf, inf, inf, inf, inf, inf, inf, inf, inf, inf, inf, inf, inf, inf, inf, inf, inf, inf, inf, inf, inf, inf, inf, inf, inf, inf, inf, inf, inf, inf, inf, inf, inf, inf, inf, inf, inf, inf, inf, inf, inf, inf, inf, inf, inf, inf, inf, inf, inf, inf, inf, inf, inf, inf, inf, inf, inf, inf, inf, inf, inf, inf, inf, inf, inf, inf, inf, inf, inf, inf, inf, inf, inf, inf, inf, inf, inf, inf, inf, inf, inf, inf, inf, inf, inf, inf, inf, inf, inf, inf, inf, inf, inf, inf, inf, inf, inf, inf, inf, inf, inf, inf, inf, inf, inf, inf, inf, inf, inf, inf, inf, inf, inf, inf, inf, inf, inf, inf, inf, inf, inf, inf, inf, inf, inf, inf, inf, inf, inf, inf, inf, inf, inf, inf, inf, inf, inf, inf, inf, inf, inf, inf, inf, inf, inf, inf, inf, inf, inf, inf, inf, inf, inf, inf, inf, inf, inf, inf, inf, inf, inf, inf, inf, inf, inf, inf, inf, inf, inf, inf, inf, inf, inf, inf, inf, inf, inf, inf, inf, inf, inf, inf, inf, inf, inf, inf, inf, inf, inf, inf, inf, inf, inf, inf, inf, inf, inf, inf, inf, inf, inf, inf, inf, inf, inf, inf, inf, inf, inf, inf, inf, inf, inf, inf, inf, inf, inf, inf, inf, inf, inf, inf, inf, inf, inf, inf, inf, inf, inf, inf, inf, inf, inf, inf, inf, inf, inf, inf, inf, inf, inf, inf, inf, inf, inf, inf, inf, inf, inf, inf, inf, inf, inf, inf, inf, inf, inf, inf, inf, inf, inf, inf, inf, inf, inf, inf, inf, inf, inf, inf, inf, inf, inf, inf, inf, inf, inf, inf, inf, inf, inf, inf, inf, inf, inf, inf, inf, inf, inf, inf, inf, inf, inf, inf, inf, inf, inf, inf, inf, inf, inf, inf, inf, inf, inf, inf, inf, inf, inf, inf, inf, inf, inf, inf, inf, inf, inf, inf, inf, inf, inf, inf, inf, inf, inf, inf, inf, inf, inf, inf, inf, inf, inf, inf, inf, inf, inf, inf, inf, inf, inf, inf, inf, inf, inf, inf, inf, inf, inf, inf, inf, inf, inf, inf, inf, inf, inf, inf, inf, inf, inf, inf, inf, inf, inf, inf, inf, inf, inf, inf, inf, inf, inf, inf, inf, inf, inf, inf, inf, inf, inf, inf, inf, inf, inf, inf, inf, inf, inf, inf, inf, inf, inf, inf, inf, inf, inf, inf, inf, inf, inf, inf, inf, inf, inf, inf, inf, inf, inf, inf, inf, inf, inf, inf, inf, inf, inf, inf, inf, inf, inf, inf, inf, inf, inf, inf, inf, inf, inf, inf, inf, inf, inf, inf, inf, inf, inf, inf, inf, inf, inf, inf, inf, inf, inf, inf, inf, inf, inf, inf, inf, inf, inf, inf, inf, inf, inf, inf, inf, inf, inf, inf, inf, inf, inf, inf, inf, inf, inf, inf, inf, inf, inf, inf, inf, inf, inf, inf, inf, inf, inf, inf, inf, inf, inf, inf, inf, inf, inf, inf, inf, inf, inf, inf, inf, inf, inf, inf, inf, inf, inf, inf, inf, inf, inf, inf, inf, inf, inf, inf, inf, inf, inf, inf, inf, inf, inf, inf, inf, inf, inf, inf, inf, inf, inf, inf, inf, inf, inf, inf, inf, inf, inf, inf, inf, inf, inf, inf, inf, inf, inf, inf, inf, inf, inf, inf, inf, 2.621999979019165, 2.622999906539917, 2.624000072479248, 2.621000051498413, 2.621000051498413, 2.6070001125335693, 2.6110000610351562, inf, 2.6070001125335693, 2.5950000286102295, 2.5959999561309814, 2.5969998836517334, 2.5950000286102295, 2.5959999561309814, 2.5969998836517334, 2.5829999446868896, 2.5840001106262207, inf, 2.5829999446868896, 2.5829999446868896, 2.5829999446868896, 2.5840001106262207, 2.5840001106262207, 2.5829999446868896, 2.5829999446868896, 2.5820000171661377, 2.5840001106262207, inf, 2.5840001106262207, 2.5840001106262207, 2.5840001106262207, 2.572999954223633, 2.5829999446868896, 2.5840001106262207, 2.5829999446868896, 2.569000005722046, 2.571000099182129, inf, inf, inf, inf, inf, inf, 2.2760000228881836, inf, inf, 1.6069999933242798, inf, inf, inf, inf, inf, inf, 1.5449999570846558, inf, 1.5, 1.4830000400543213, inf, 1.475000023841858, 1.4869999885559082, 1.4739999771118164, 1.4769999980926514, inf, 1.5, 1.5010000467300415, 1.5099999904632568, 1.5130000114440918, inf, 1.5329999923706055, inf, inf, 2.568000078201294, 2.572000026702881, 2.5820000171661377, 2.5799999237060547, 2.5859999656677246, 2.5820000171661377, inf, 2.5820000171661377, 2.5829999446868896, 2.5829999446868896, 2.5829999446868896, 2.5829999446868896, 2.5829999446868896, 2.5950000286102295, 2.5829999446868896, 2.5950000286102295, 2.5940001010894775, inf, 2.5920000076293945, 2.5959999561309814, 2.5959999561309814, 2.5950000286102295, 2.5920000076293945, 2.6070001125335693, 2.609999895095825, 2.6070001125335693, 2.6070001125335693, 2.609999895095825, 2.609999895095825, inf, inf, 2.5250000953674316, inf, inf, inf, 1.7369999885559082, inf, inf, 2.621999979019165, 2.635999917984009, 2.632999897003174, inf, 2.632999897003174, 2.634000062942505, 2.6449999809265137, 2.6449999809265137, 2.6449999809265137, inf, inf, inf, 1.5390000343322754, 1.5360000133514404, inf, 1.5429999828338623, 1.5379999876022339, inf, inf, 2.6700000762939453, 2.6700000762939453, 2.6740000247955322, 2.671999931335449, 2.671999931335449, 2.686000108718872, 2.684000015258789, inf, 2.696000099182129, 2.697000026702881, 2.697000026702881, inf, inf, 1.1339999437332153, 1.1230000257492065, 1.1239999532699585, 1.1319999694824219, 1.1419999599456787, inf, inf, 2.747999906539917, 2.759000062942505, 2.759999990463257, 2.759000062942505, 2.7730000019073486, 2.7720000743865967, 2.7730000019073486, 2.7829999923706055, 2.7829999923706055, 2.7980000972747803, inf, 2.799999952316284, 2.7980000972747803, 2.806999921798706, inf, 2.812000036239624, 2.821000099182129, inf, inf, inf, inf, inf, inf, 1.2239999771118164, 1.2269999980926514, 1.2309999465942383, 1.2410000562667847, 1.2330000400543213, 1.2450000047683716, inf, inf, 2.8949999809265137, 2.9030001163482666, 2.9110000133514404, inf, 2.9119999408721924, 2.924999952316284, 2.924999952316284, 2.936000108718872, 2.936000108718872, 2.9509999752044678, 2.9489998817443848, 2.9600000381469727, 2.9609999656677246, 2.9739999771118164, inf, inf, inf, inf, 2.98799991607666, 2.996000051498413, 3.0139999389648438, 3.01200008392334, 3.0220000743865967, 3.0369999408721924, 3.0369999408721924, 3.0480000972747803, inf, 3.053999900817871, inf, 3.065000057220459, inf, inf, inf, inf, inf, inf, inf, inf, inf, inf, 1.6790000200271606, 1.7070000171661377, 1.722000002861023, 1.7280000448226929, 1.7289999723434448, 1.7400000095367432, inf, 1.6759999990463257, 1.6740000247955322, inf, 1.659999966621399, 1.6469999551773071, 1.6440000534057617, 1.628999948501587, 1.6089999675750732, 1.5989999771118164, 1.6019999980926514, 1.5959999561309814, 1.590999960899353, 1.5950000286102295, 1.6050000190734863, inf, 1.6119999885559082, 1.6009999513626099, inf, 1.5609999895095825, 1.5609999895095825, inf, inf, inf, 1.0509999990463257, inf, inf, inf, inf, inf, inf, 0.906000018119812, inf, inf, inf, inf, inf, 1.5410000085830688, inf, 1.5750000476837158, 1.5679999589920044, 1.5670000314712524, 1.590000033378601, inf, inf, inf, inf, inf, inf, 3.808000087738037, inf, 3.821000099182129, 3.8340001106262207, 3.8480000495910645, 3.868000030517578, 3.88100004196167, 3.9040000438690186, inf, inf, inf, inf, inf, inf, 4.116000175476074, inf, 1.9520000219345093, 1.9520000219345093, 1.9520000219345093, 1.965000033378601, 1.9500000476837158, inf, 4.281000137329102, inf, 4.308000087738037, inf, inf, inf, inf, inf, 1.2580000162124634, 1.2730000019073486, 1.2769999504089355, inf, inf, inf, 2.9189999103546143, inf, inf, 4.181000232696533, 4.192999839782715, 4.197000026702881, inf, inf, 3.0490000247955322, 3.0220000743865967, 3.0139999389648438, inf, 3.2899999618530273, 3.325000047683716, 3.322000026702881, 3.319999933242798, 3.315000057220459, inf, 3.302999973297119, inf, inf, inf, 5.486000061035156, inf, 3.5950000286102295, 3.575000047683716, 3.562000036239624, inf, 3.559999942779541, 3.5409998893737793, 3.5409998893737793, 3.5409998893737793, 3.5480000972747803, 3.5420000553131104, inf, inf, 2.7279999256134033, inf, 2.743000030517578, inf, 5.932000160217285, 5.906000137329102, 5.88700008392334, inf, inf, 2.813999891281128, inf, inf, inf, inf, 5.958000183105469, 5.947999954223633, 5.943999767303467, 5.926000118255615, 5.908999919891357, inf, 2.5220000743865967, inf, inf, inf, 6.0960001945495605, inf, 6.060999870300293, 6.044000148773193, 6.045000076293945, 6.039999961853027, inf, inf, 3.684999942779541, 3.6470000743865967, inf, inf, inf, inf, inf, 5.563000202178955, inf, inf, 5.64300012588501, 5.619999885559082, inf, inf, inf, 5.59499979019165, 5.59499979019165, 5.580999851226807, 5.579999923706055, inf, 5.559999942779541, 5.556000232696533, 5.550000190734863, 5.539000034332275, 5.521999835968018, inf, inf, inf, inf, inf, inf, 0.6769999861717224, inf, 0.7250000238418579, inf, 0.6850000023841858, 0.6779999732971191, inf, 0.7089999914169312, inf, inf, 0.699999988079071, inf, 0.7089999914169312, inf, inf, inf, inf, 5.5, inf, 5.5, 5.486999988555908, inf, inf, inf, 5.2270002365112305, inf, inf, 5.293000221252441, inf, 5.343999862670898, inf, 5.4670000076293945, 5.459000110626221, 5.459000110626221, 5.456999778747559, 5.447000026702881, 5.449999809265137, 5.464000225067139, inf, 5.4629998207092285, 5.459000110626221, 5.449999809265137, inf, inf, inf, 5.436999797821045, 5.440999984741211, 5.438000202178955, inf, inf, 3.8429999351501465, 3.819999933242798, inf, 5.429999828338623, 5.436999797821045, 5.439000129699707, 5.445000171661377, inf]
intensities: [0.0, inf, 0.0, 0.0, 0.0, 0.0, 0.0, 0.0, 0.0, 0.0, 0.0, inf, 0.0, 0.0, 0.0, 0.0, 0.0, 0.0, 0.0, 0.0, 0.0, inf, 0.0, 0.0, 0.0, 0.0, 0.0, 0.0, 0.0, 0.0, 0.0, inf, 0.0, 0.0, 0.0, 0.0, 0.0, 0.0, 0.0, 0.0, 0.0, 0.0, inf, 0.0, 0.0, 0.0, 0.0, 0.0, 0.0, 0.0, 0.0, 0.0, 0.0, 0.0, inf, 0.0, 0.0, 0.0, 0.0, 0.0, 0.0, 0.0, 0.0, 0.0, 0.0, 0.0, inf, 0.0, 0.0, 0.0, 0.0, 0.0, 0.0, 0.0, 0.0, 0.0, 0.0, inf, 0.0, 0.0, 0.0, 0.0, 0.0, 0.0, 0.0, 0.0, 0.0, 0.0, 0.0, inf, 0.0, 0.0, 0.0, 0.0, 0.0, 0.0, 0.0, 0.0, 0.0, 0.0, 0.0, inf, 0.0, 0.0, 0.0, 0.0, 0.0, 0.0, 0.0, 0.0, 0.0, inf, 0.0, 0.0, 0.0, 0.0, 0.0, 0.0, 0.0, 0.0, 0.0, inf, 0.0, 0.0, 0.0, 0.0, 0.0, 0.0, 0.0, 0.0, 0.0, inf, 0.0, 0.0, 0.0, 0.0, 0.0, 0.0, 0.0, 0.0, 0.0, inf, 0.0, 0.0, 0.0, 0.0, 0.0, 0.0, 0.0, 0.0, 0.0, inf, 0.0, 0.0, 0.0, 0.0, 0.0, 0.0, 0.0, 0.0, 0.0, inf, 0.0, 0.0, 0.0, 0.0, 0.0, 0.0, 0.0, 0.0, 0.0, inf, 0.0, 0.0, 0.0, 0.0, 0.0, 0.0, 0.0, 0.0, 0.0, 0.0, inf, 0.0, 0.0, 0.0, 0.0, 0.0, 0.0, 0.0, 0.0, 0.0, 0.0, 0.0, inf, 0.0, 0.0, 0.0, 0.0, 0.0, 0.0, 0.0, 0.0, 0.0, 0.0, 0.0, inf, 0.0, 0.0, 0.0, 0.0, 0.0, 0.0, 0.0, 0.0, 0.0, 0.0, inf, 0.0, 0.0, 0.0, 0.0, 0.0, 0.0, 0.0, 0.0, 0.0, 0.0, 0.0, inf, 0.0, 0.0, 0.0, 0.0, 0.0, 0.0, 0.0, 0.0, 0.0, 0.0, 0.0, inf, 0.0, 0.0, 0.0, 0.0, 0.0, 0.0, 0.0, 0.0, 0.0, inf, 0.0, 0.0, 0.0, 0.0, 0.0, 0.0, 0.0, 0.0, 0.0, inf, 0.0, 0.0, 0.0, 0.0, 0.0, 0.0, 0.0, 0.0, 0.0, inf, 0.0, 0.0, 0.0, 0.0, 0.0, 0.0, 0.0, 0.0, 0.0, inf, 0.0, 0.0, 0.0, 0.0, 0.0, 0.0, 0.0, 0.0, 0.0, inf, 0.0, 0.0, 0.0, 0.0, 0.0, 0.0, 0.0, 0.0, 0.0, inf, 0.0, 0.0, 0.0, 0.0, 0.0, 0.0, 0.0, 0.0, 0.0, inf, 0.0, 0.0, 0.0, 0.0, 0.0, 0.0, 0.0, 0.0, 0.0, inf, 0.0, 0.0, 0.0, 0.0, 0.0, 0.0, 0.0, 0.0, 0.0, inf, 0.0, 0.0, 0.0, 0.0, 0.0, 0.0, 0.0, 0.0, 0.0, inf, 0.0, 0.0, 0.0, 0.0, 0.0, 0.0, 0.0, 0.0, 0.0, inf, 0.0, 0.0, 0.0, 0.0, 0.0, 0.0, 0.0, 0.0, 0.0, inf, 0.0, 0.0, 0.0, 0.0, 0.0, 0.0, 0.0, 0.0, 0.0, inf, 0.0, 0.0, 0.0, 0.0, 0.0, 0.0, 0.0, 0.0, 0.0, inf, 0.0, 0.0, 0.0, 0.0, 0.0, 0.0, 0.0, 0.0, 0.0, 0.0, inf, 0.0, 0.0, 0.0, 0.0, 0.0, 0.0, 0.0, 0.0, 0.0, 0.0, 0.0, inf, 0.0, 0.0, 0.0, 0.0, 0.0, 0.0, 0.0, 0.0, 0.0, 0.0, 0.0, inf, 0.0, 0.0, 0.0, 0.0, 0.0, 0.0, 0.0, 0.0, 0.0, 0.0, inf, 0.0, 0.0, 0.0, 0.0, 0.0, 0.0, 0.0, 0.0, 0.0, 0.0, 0.0, inf, 0.0, 0.0, 0.0, 0.0, 0.0, 0.0, 0.0, 0.0, 0.0, 0.0, 0.0, inf, 0.0, 0.0, 0.0, 0.0, 0.0, 0.0, 0.0, 0.0, 0.0, inf, 0.0, 0.0, 0.0, 0.0, 0.0, 0.0, 0.0, 0.0, 0.0, inf, 0.0, 0.0, 0.0, 0.0, 0.0, 0.0, 0.0, 0.0, 0.0, inf, 0.0, 0.0, 0.0, 0.0, 0.0, 0.0, 0.0, 0.0, 0.0, inf, 0.0, 0.0, 0.0, 0.0, 0.0, 0.0, 0.0, 255.0, 255.0, inf, 255.0, 255.0, 255.0, 255.0, 0.0, 0.0, 0.0, 0.0, 0.0, inf, 0.0, 0.0, 0.0, 0.0, 0.0, 0.0, 0.0, 0.0, 0.0, inf, 0.0, 0.0, 0.0, 0.0, 0.0, 0.0, 0.0, 0.0, 0.0, inf, 0.0, 0.0, 0.0, 0.0, 0.0, 0.0, 0.0, 0.0, 0.0, inf, 0.0, 0.0, 0.0, 0.0, 0.0, 0.0, 0.0, 0.0, 0.0, inf, 0.0, 0.0, 0.0, 0.0, 0.0, 0.0, 0.0, 0.0, 0.0, inf, 0.0, 0.0, 0.0, 0.0, 0.0, 0.0, 0.0, 0.0, 0.0, inf, 0.0, 0.0, 0.0, 0.0, 0.0, 0.0, 0.0, 0.0, 0.0, inf, 0.0, 0.0, 0.0, 0.0, 0.0, 0.0, 0.0, 0.0, 0.0, inf, 0.0, 0.0, 0.0, 0.0, 0.0, 0.0, 0.0, 0.0, 0.0, 0.0, inf, 0.0, 0.0, 0.0, 0.0, 0.0, 0.0, 0.0, 0.0, 0.0, 0.0, 0.0, inf, 0.0, 0.0, 0.0, 0.0, 0.0, 0.0, 0.0, 0.0, 0.0, 0.0, 0.0, inf, 0.0, 0.0, 0.0, 0.0, 0.0, 0.0, 0.0, 0.0, 0.0, 0.0, inf, 0.0, 0.0, 0.0, 0.0, 0.0, 0.0, 0.0, 0.0, 0.0, 0.0, 0.0, inf, 0.0, 0.0, 0.0, 0.0, 0.0, 0.0, 0.0, 0.0, 0.0, 0.0, 0.0, inf, 0.0, 0.0, 0.0, 0.0, 0.0, 0.0, 0.0, 0.0, 0.0, 0.0, inf, 0.0, 0.0, 0.0, 0.0, 0.0, 0.0, 0.0, 0.0, 0.0, 0.0, 0.0, inf, 0.0, 0.0, 0.0, 0.0, 0.0, 0.0, 0.0, 0.0, 0.0, 0.0, 0.0, inf, 0.0, 0.0, 0.0, 0.0, 0.0, 0.0, 0.0, 0.0, 0.0, 0.0, inf, 0.0, 0.0, 0.0, 0.0, 0.0, 0.0, 0.0, 0.0, 0.0, 0.0, 0.0, inf, 0.0, 0.0, 0.0, 0.0, 0.0, 0.0, 0.0, 0.0, 0.0, 0.0, 0.0, inf, 0.0, 0.0, 0.0, 0.0, 0.0, 0.0, 0.0, 0.0, inf, 0.0, 0.0, 0.0, 0.0, 0.0, 0.0, 0.0, 0.0, inf, 0.0, 0.0, 0.0, 0.0, 0.0, 0.0, 0.0, inf, 0.0, 0.0, 0.0, 0.0, 0.0, 0.0, 0.0, 0.0, inf, 0.0, 0.0, 0.0, 0.0, 0.0, 0.0, 0.0, 0.0, inf, 0.0, 0.0, 0.0, 0.0, 0.0, 0.0, 0.0, 0.0, inf, 0.0, 0.0, 0.0, 0.0, 0.0, 0.0, 0.0, inf, 0.0, 0.0, 0.0, 0.0, 0.0, 0.0, 0.0, 0.0, inf, 0.0, 0.0, 0.0, 0.0, 0.0, 0.0, 0.0, 0.0, 0.0, inf, 0.0, 0.0, 0.0, 0.0, 0.0, 0.0, 0.0, 0.0, 0.0, inf, 0.0, 0.0, 0.0, 0.0, 0.0, 0.0, 0.0, 0.0, 0.0, inf, 0.0, 0.0, 0.0, 0.0, 0.0, 0.0, 0.0, 0.0, 0.0, inf, 0.0, 0.0, 0.0, 0.0, 0.0, 0.0, 0.0, 0.0, 0.0, inf, 0.0, 0.0, 0.0, 0.0, 0.0, 0.0, 0.0, 0.0, 0.0, inf, 0.0, 0.0, 0.0, 0.0, 0.0, 0.0, 0.0, 0.0, 0.0, inf, 0.0, 0.0, 0.0, 0.0, 0.0, 0.0, 0.0, 0.0, 0.0, inf, 0.0, 0.0, 0.0, 0.0, 0.0, 0.0, 0.0, 0.0, 0.0, inf, 0.0, 0.0, 0.0, 0.0, 0.0, 0.0, 0.0, 0.0, 0.0, inf, 0.0, 0.0, 0.0, 0.0, 0.0, 0.0, 0.0, 0.0, 0.0, inf, 0.0, 0.0, 0.0, 0.0, 0.0, 0.0, 0.0, 0.0, 0.0, inf, 0.0, 0.0, 0.0, 0.0, 0.0, 0.0, 0.0, 0.0, 0.0, inf, 0.0, 0.0, 0.0, 0.0, 0.0, 0.0, 0.0, 0.0, 0.0, inf, 0.0, 0.0, 0.0, 0.0, 0.0, 0.0, 0.0, 0.0, 0.0, inf, 0.0, 0.0, 0.0, 0.0, 0.0, 0.0, 0.0, 0.0, 0.0, inf, 0.0, 0.0, 0.0, 0.0, 0.0, 0.0, 0.0, 0.0, 0.0, inf, 0.0, 0.0, 0.0, 0.0, 0.0, 0.0, 0.0, 0.0, 0.0, inf, 0.0, 0.0, 0.0, 0.0, 0.0, 0.0, 0.0, 0.0, 0.0, inf, 0.0, 0.0, 0.0, 0.0, 0.0, 0.0, 0.0, 0.0, 0.0, inf, 0.0, 0.0, 0.0, 0.0, 0.0, 0.0, 0.0, 0.0, 0.0, inf, 0.0, 0.0, 0.0, 0.0, 0.0, 0.0, 0.0, 0.0, 0.0, inf, 0.0, 0.0, 0.0, 0.0, 0.0, 0.0, 0.0, 0.0, 0.0, inf, 0.0, 0.0, 0.0, 0.0, 0.0, 0.0, 0.0, 0.0, 0.0, inf, 0.0, 0.0, 0.0, 0.0, 0.0, 0.0, 0.0, 0.0, 0.0, inf, 0.0, 0.0, 0.0, 0.0, 0.0, 0.0, 0.0, 0.0, 0.0, inf, 0.0, 0.0, 0.0, 0.0, 0.0, 0.0, 0.0, 0.0, 0.0, inf, 0.0, 0.0, 0.0, 0.0, 0.0, 0.0, 0.0, 0.0, 0.0, inf, 0.0, 0.0, 0.0, 0.0, 0.0, 0.0, 0.0, 0.0, 0.0, 0.0, 0.0, 0.0, inf, 0.0, 0.0, 0.0, 0.0, 0.0, 0.0, 0.0, 0.0, 0.0, 0.0, 0.0, 0.0, 0.0, inf, 0.0, 0.0, 0.0, 0.0, 0.0, 0.0, 0.0, 0.0, 0.0, 0.0, 0.0, 0.0, 0.0, inf, 0.0, 0.0, 0.0, 0.0, 0.0, 0.0, 0.0, 0.0, 0.0, 0.0, 0.0, 0.0, 0.0, inf, 0.0, 0.0, 0.0, 0.0, 0.0, 0.0, 0.0, 0.0, 0.0, 0.0, 0.0, 0.0, 0.0, inf, 0.0, 0.0, 0.0, 0.0, 0.0, 0.0, 0.0, 0.0, 0.0, 0.0, inf, 0.0, 0.0, 0.0, 0.0, 0.0, 0.0, 0.0, 0.0, 0.0, inf, 0.0, 0.0, 0.0, 0.0, 0.0, 0.0, 0.0, 0.0, 0.0, inf, 0.0, 0.0, 0.0, 0.0, 0.0, 0.0, 0.0, 0.0, 0.0, inf, 0.0, 0.0, 0.0, 0.0, 0.0, 0.0, 0.0, 0.0, 0.0, inf, 0.0, 0.0, 0.0, 0.0, 0.0, 0.0, 0.0, 0.0, 0.0, inf, 0.0, 0.0, 0.0, 0.0, 0.0, 0.0, 0.0, 0.0, 0.0, inf, 0.0, 0.0, 0.0, 0.0, 0.0, 0.0, 0.0, 0.0, 0.0, inf, 0.0, 0.0, 0.0, 0.0, 0.0, 0.0, 0.0, 0.0, 0.0, inf, 0.0, 0.0, 0.0, 0.0, 0.0, 0.0, 0.0, 0.0, 0.0, inf, 0.0, 0.0, 0.0, 0.0, 0.0, 0.0, 0.0, 0.0, 0.0, inf, 0.0, 0.0, 0.0, 0.0, 0.0, 0.0, 0.0, 0.0, 0.0, inf, 0.0, 0.0, 0.0, 0.0, 0.0, 0.0, 0.0, 0.0, 0.0, inf, 0.0, 0.0, 0.0, 0.0, 0.0, 0.0, 0.0, 0.0, 0.0, inf, 0.0, 0.0, 0.0, 0.0, 0.0, 0.0, 0.0, 0.0, 0.0, 0.0, inf, 0.0, 0.0, 0.0, 0.0, 0.0, 0.0, 0.0, 0.0, 0.0, 0.0, 0.0, inf, 0.0, 0.0, 0.0, 0.0, 0.0, 0.0, 0.0, 0.0, 0.0, 0.0, 0.0, inf, 0.0, 0.0, 0.0, 0.0, 0.0, 0.0, 0.0, 0.0, 0.0, 0.0, inf, 0.0, 0.0, 0.0, 0.0, 0.0, 0.0, 0.0, 0.0, 0.0, 0.0, 0.0, inf, 0.0, 0.0, 0.0, 0.0, 0.0, 0.0, 0.0, 0.0, 0.0, 0.0, 0.0, inf, 0.0, 0.0, 0.0, 0.0, 0.0, 0.0, 0.0, 0.0, 0.0, 0.0, inf, 0.0, 0.0, 0.0, 0.0, 0.0, 0.0, 0.0, 0.0, 0.0, 0.0, 0.0, inf, 0.0, 0.0, 0.0, 0.0, 0.0, 0.0, 0.0, 0.0, 0.0, 0.0, 0.0, inf, 0.0, 0.0, 0.0, 0.0, 0.0, 0.0, 0.0, 0.0, 0.0, 0.0, inf, 0.0, 0.0, 0.0, 0.0, 0.0, 0.0, 0.0, 0.0, 0.0, 0.0, 0.0, inf, 0.0, 0.0, 0.0, 0.0, 0.0, 0.0, 0.0, 0.0, 0.0, 0.0, 0.0, inf, 0.0, 0.0, 0.0, 0.0, 0.0, 0.0, 0.0, 0.0, 0.0, 0.0, inf, 0.0, 0.0, 0.0, 0.0, 0.0, 0.0, 0.0, 0.0, 0.0, 0.0, 0.0, inf, 0.0, 0.0, 0.0, 0.0, 0.0, 0.0, 0.0, 0.0, 0.0, 0.0, 0.0, inf, 0.0, 0.0, 0.0, 0.0, 0.0, 0.0, 0.0, 0.0, 0.0, 0.0, inf, 0.0, 0.0, 0.0, 0.0, 0.0, 0.0, 0.0, 0.0, 0.0, 0.0, 0.0, inf, 0.0, 0.0, 0.0, 0.0, 0.0, 0.0, 0.0, 0.0, 0.0, 0.0, 0.0, inf, 0.0, 0.0, 0.0, 0.0, 0.0, 0.0, 0.0, 0.0, 0.0, inf, 0.0, 0.0, 0.0, 0.0, 0.0, 0.0, 0.0, 0.0, 0.0, inf, 0.0, 0.0, 0.0, 0.0, 0.0, 0.0, 0.0, 0.0, 0.0, inf, 0.0, 0.0, 0.0, 0.0, 0.0, 0.0, 0.0, 0.0, 0.0, inf, 0.0, 0.0, 0.0, 0.0, 0.0, 0.0, 0.0, 0.0, 0.0, inf, 0.0, 0.0, 0.0, 0.0, 0.0, 0.0, 0.0, 0.0, 0.0, inf, 0.0, 0.0, 0.0, 0.0, 0.0, 0.0, 0.0, 0.0, 0.0, inf, 0.0, 0.0, 0.0, 0.0, 0.0, 0.0, 0.0, 0.0, 0.0, inf, 0.0, 0.0, 0.0, 0.0, 0.0, 0.0, 0.0, 0.0, 0.0, inf, 0.0, 0.0, 0.0, 0.0, 0.0, 0.0, 0.0, 0.0, 0.0, inf, 0.0, 0.0, 0.0, 0.0, 0.0, 0.0, 0.0, 0.0, 0.0, inf, 0.0, 0.0, 0.0, 0.0, 0.0, 0.0, 0.0, 0.0, 0.0, inf, 0.0, 0.0, 0.0, 0.0, 0.0, 0.0, 0.0, 0.0, 255.0, inf, 0.0, 0.0, 0.0, 0.0, 0.0, 0.0, 0.0, 0.0, 0.0, inf, 0.0, 0.0, 0.0, 0.0, 0.0, 0.0, 0.0, 0.0, 0.0, inf, 0.0, 0.0, 0.0, 0.0, 0.0, 0.0, 0.0, 0.0, 0.0, inf, 0.0, 0.0, 0.0, 0.0, 0.0, 0.0, 0.0, 0.0, 0.0, inf, 0.0, 0.0, 0.0, 0.0, 0.0, 0.0, 0.0, 0.0, 0.0]


{'angle_min': -3.1415927410125732, 'angle_max': 3.1415927410125732, 'angle_increment': 0.0037399912253022194, 'ranges': (inf, 5.432000160217285, 5.436999797821045, 5.4079999923706055, 5.414000034332275, inf, 5.4120001792907715, inf, 5.440999984741211, 5.432000160217285, 5.440000057220459, 5.433000087738037, 5.428999900817871, 5.436999797821045, 5.435999870300293, 5.436999797821045, 5.447000026702881, 5.440999984741211, 5.438000202178955, inf, 5.440999984741211, 5.438000202178955, 5.435999870300293, 5.451000213623047, 5.440999984741211, 5.448999881744385, 5.440000057220459, 5.453000068664551, 5.456999778747559, 5.451000213623047, 5.451000213623047, inf, 5.480000019073486, 5.480000019073486, 5.478000164031982, 5.47599983215332, 5.48799991607666, 5.474999904632568, inf, inf, inf, 5.473999977111816, inf, 5.500999927520752, 5.50600004196167, 5.506999969482422, inf, 4.316999912261963, inf, inf, 5.5279998779296875, 5.539000034332275, inf, 3.9179999828338623, inf, inf, inf, 5.548999786376953, 5.564000129699707, inf, 3.9560000896453857, inf, 5.559000015258789, 5.585000038146973, 5.584000110626221, 5.59499979019165, inf, 5.572999954223633, inf, 5.607999801635742, 5.620999813079834, 5.617000102996826, 5.619999885559082, 5.639999866485596, 5.644999980926514, 5.644999980926514, 5.64900016784668, inf, 5.6479997634887695, 5.6620001792907715, 5.670000076293945, 5.679999828338623, 5.683000087738037, 5.684000015258789, 5.691999912261963, 5.695000171661377, 5.705999851226807, 5.705999851226807, 5.7179999351501465, inf, 5.7170000076293945, 5.728000164031982, 5.728000164031982, 5.742000102996826, 5.750999927520752, 5.755000114440918, 5.763999938964844, 5.769999980926514, 5.781000137329102, 5.7829999923706055, inf, inf, 4.605000019073486, 4.605000019073486, inf, inf, 5.890999794006348, inf, inf, 4.64900016784668, inf, 5.922999858856201, inf, inf, 4.24399995803833, inf, inf, 5.730999946594238, 5.741000175476074, inf, 4.297999858856201, 4.263999938964844, inf, 5.802999973297119, inf, 5.860000133514404, 5.841000080108643, 5.8480000495910645, 5.843999862670898, 5.857999801635742, 5.881999969482422, 5.883999824523926, 5.894999980926514, 5.915999889373779, 5.915999889373779, 5.929999828338623, inf, 5.942999839782715, 5.927999973297119, inf, inf, inf, inf, inf, 6.111999988555908, 6.118000030517578, 6.127999782562256, inf, 6.138999938964844, 6.166999816894531, 6.179999828338623, 6.191999912261963, 6.203999996185303, 6.2210001945495605, 6.242000102996826, inf, inf, inf, inf, inf, inf, inf, 5.1539998054504395, inf, 6.366000175476074, 6.394000053405762, 6.406000137329102, 6.419000148773193, 6.428999900817871, inf, inf, inf, 6.513999938964844, 6.52400016784668, 6.548999786376953, 6.552000045776367, inf, 6.579999923706055, 6.557000160217285, inf, 7.184999942779541, 7.160999774932861, inf, 7.1519999504089355, 7.118000030517578, inf, inf, 7.210000038146973, inf, inf, inf, inf, inf, 5.689000129699707, inf, inf, inf, 5.7779998779296875, inf, 7.316999912261963, 7.3480000495910645, 7.370999813079834, 7.389999866485596, 7.420000076293945, inf, 7.515999794006348, inf, inf, 5.396999835968018, inf, inf, 5.4670000076293945, inf, inf, inf, inf, 7.861999988555908, inf, 7.860000133514404, inf, 7.943999767303467, 7.9670000076293945, 7.986000061035156, 8.010000228881836, inf, inf, inf, inf, inf, inf, inf, 6.456999778747559, inf, inf, inf, inf, inf, inf, inf, inf, inf, inf, 8.66100025177002, 8.628000259399414, 8.621000289916992, 8.642999649047852, inf, inf, inf, 6.716000080108643, inf, inf, inf, inf, 8.91100025177002, 8.925000190734863, 8.894000053405762, inf, inf, inf, inf, inf, inf, inf, inf, 7.014999866485596, inf, 9.300999641418457, 9.300999641418457, inf, 8.006999969482422, inf, inf, inf, inf, inf, inf, inf, 10.15999984741211, inf, inf, inf, inf, inf, inf, inf, 10.758999824523926, inf, inf, 10.89900016784668, inf, inf, inf, inf, inf, inf, inf, inf, 10.298999786376953, inf, 13.420999526977539, inf, 13.39799976348877, 13.381999969482422, 13.357999801635742, 13.32800006866455, 13.307000160217285, inf, 10.559000015258789, inf, inf, inf, inf, 3.3499999046325684, 3.3350000381469727, 3.3389999866485596, 3.325000047683716, 3.322000026702881, 3.309000015258789, 3.309000015258789, 3.2839999198913574, 3.2860000133514404, inf, 3.2860000133514404, 3.26200008392334, 3.265000104904175, 3.2790000438690186, 3.2780001163482666, 3.2760000228881836, 3.2920000553131104, inf, 3.1440000534057617, 3.114000082015991, 3.1040000915527344, inf, 3.0940001010894775, 3.0910000801086426, 3.075000047683716, 3.065000057220459, 3.053999900817871, 3.0429999828338623, 3.0269999504089355, 3.0290000438690186, 3.0160000324249268, 3.003000020980835, 2.990999937057495, inf, 2.99399995803833, 2.9800000190734863, 2.9679999351501465, 2.9549999237060547, 2.947999954223633, 2.937999963760376, 2.9570000171661377, 2.9509999752044678, 2.9679999351501465, 2.9760000705718994, inf, 2.9749999046325684, 2.990000009536743, inf, 2.73799991607666, inf, 2.6600000858306885, 2.6570000648498535, 2.6600000858306885, 2.6549999713897705, 2.6510000228881836, 2.671999931335449, inf, 2.6570000648498535, 2.6500000953674316, 2.6440000534057617, 2.6589999198913574, inf, inf, 2.253999948501587, 2.242000102996826, 2.2360000610351562, 2.244999885559082, 2.246000051498413, inf, 2.2339999675750732, 2.2339999675750732, 2.2119998931884766, 2.2200000286102295, 2.2239999771118164, 2.2200000286102295, 2.2209999561309814, 2.2209999561309814, 2.2090001106262207, 2.2100000381469727, inf, 2.2090001106262207, 2.2079999446868896, 2.2100000381469727, 2.2100000381469727, 2.197000026702881, 2.197000026702881, 2.197999954223633, 2.194999933242798, 2.197999954223633, 2.197000026702881, 2.194999933242798, inf, 2.197999954223633, 2.197999954223633, 2.194000005722046, 2.193000078201294, 2.2090001106262207, inf, inf, inf, inf, 2.634999990463257, inf, inf, inf, inf, inf, inf, 1.2209999561309814, 1.2209999561309814, 1.2300000190734863, 1.2200000286102295, 1.222000002861023, 1.2209999561309814, inf, 1.2289999723434448, 1.2330000400543213, 1.2139999866485596, 1.2130000591278076, 1.215999960899353, 1.222000002861023, 1.2120000123977661, inf, 1.2760000228881836, 1.2630000114440918, inf, inf, inf, inf, inf, inf, inf, inf, inf, 0.621999979019165, 0.6079999804496765, 0.6200000047683716, 0.6299999952316284, inf, 0.6119999885559082, 0.6129999756813049, 0.6069999933242798, 0.6039999723434448, 0.6039999723434448, 0.593999981880188, 0.6060000061988831, 0.6050000190734863, 0.597000002861023, inf, 0.6069999933242798, 0.6110000014305115, 0.6119999885559082, 0.6159999966621399, 0.6190000176429749, inf, inf, inf, inf, inf, inf, inf, inf, inf, inf, inf, inf, inf, inf, inf, inf, inf, inf, inf, inf, inf, inf, inf, inf, inf, inf, inf, inf, inf, inf, inf, inf, inf, inf, inf, inf, inf, inf, inf, inf, inf, inf, inf, inf, inf, inf, inf, inf, inf, inf, inf, inf, inf, inf, inf, inf, inf, inf, inf, inf, inf, inf, inf, inf, inf, inf, inf, inf, inf, inf, inf, inf, inf, inf, inf, inf, inf, inf, inf, inf, inf, inf, inf, inf, inf, inf, inf, inf, inf, inf, inf, inf, inf, inf, inf, inf, inf, inf, inf, inf, inf, inf, inf, inf, inf, inf, inf, inf, inf, inf, inf, inf, inf, inf, inf, inf, inf, inf, inf, inf, inf, inf, inf, inf, inf, inf, inf, inf, inf, inf, inf, inf, inf, inf, inf, inf, inf, inf, inf, inf, inf, inf, inf, inf, inf, inf, inf, inf, inf, inf, inf, inf, inf, inf, inf, inf, inf, inf, inf, inf, inf, inf, inf, inf, inf, inf, inf, inf, inf, inf, inf, inf, inf, inf, inf, inf, inf, inf, inf, inf, inf, inf, inf, inf, inf, inf, inf, inf, inf, inf, inf, inf, inf, inf, inf, inf, inf, inf, inf, inf, inf, inf, inf, inf, inf, inf, inf, inf, inf, inf, inf, inf, inf, inf, inf, inf, inf, inf, inf, inf, inf, inf, inf, inf, inf, inf, inf, inf, inf, inf, inf, inf, inf, inf, inf, inf, inf, inf, inf, inf, inf, inf, inf, inf, inf, inf, inf, inf, inf, inf, inf, inf, inf, inf, inf, inf, inf, inf, inf, inf, inf, inf, inf, inf, inf, inf, inf, inf, inf, inf, inf, inf, inf, inf, inf, inf, inf, inf, inf, inf, inf, inf, inf, inf, inf, inf, inf, inf, inf, inf, inf, inf, inf, inf, inf, inf, inf, inf, inf, inf, inf, inf, inf, inf, inf, inf, inf, inf, inf, inf, inf, inf, inf, inf, inf, inf, inf, inf, inf, inf, inf, inf, inf, inf, inf, inf, inf, inf, inf, inf, inf, inf, inf, inf, inf, inf, inf, inf, inf, inf, inf, inf, inf, inf, inf, inf, inf, inf, inf, inf, inf, inf, inf, inf, inf, inf, inf, inf, inf, inf, inf, inf, inf, inf, inf, inf, inf, inf, inf, inf, inf, inf, inf, inf, inf, inf, inf, inf, inf, inf, inf, inf, inf, inf, inf, inf, inf, inf, inf, inf, inf, inf, inf, inf, inf, inf, inf, inf, inf, inf, inf, inf, inf, inf, inf, inf, inf, inf, inf, inf, inf, inf, inf, inf, inf, inf, inf, inf, inf, inf, inf, inf, inf, inf, inf, inf, inf, inf, inf, inf, inf, inf, inf, inf, inf, inf, inf, inf, inf, inf, inf, inf, inf, inf, inf, inf, inf, inf, inf, inf, inf, inf, inf, inf, inf, inf, inf, inf, inf, inf, inf, inf, inf, inf, inf, inf, inf, inf, inf, inf, inf, inf, inf, inf, inf, inf, inf, inf, inf, inf, inf, inf, inf, inf, inf, inf, inf, inf, inf, inf, inf, inf, inf, inf, inf, inf, inf, inf, inf, inf, inf, inf, inf, inf, inf, inf, inf, inf, inf, inf, inf, inf, inf, inf, inf, inf, inf, inf, inf, inf, inf, inf, inf, inf, inf, inf, inf, inf, inf, inf, inf, inf, inf, inf, inf, inf, inf, inf, inf, inf, inf, inf, inf, inf, inf, inf, inf, inf, inf, inf, inf, inf, inf, inf, inf, inf, inf, inf, inf, inf, inf, inf, inf, inf, inf, inf, inf, inf, inf, inf, inf, inf, inf, inf, inf, inf, inf, inf, inf, inf, inf, inf, inf, inf, inf, inf, inf, inf, inf, inf, inf, inf, inf, inf, inf, inf, inf, inf, inf, inf, inf, inf, inf, inf, inf, inf, inf, inf, inf, inf, inf, inf, inf, inf, inf, inf, inf, inf, inf, inf, inf, inf, inf, inf, inf, inf, inf, inf, inf, inf, inf, inf, inf, inf, inf, inf, inf, inf, inf, inf, inf, inf, inf, inf, inf, inf, inf, inf, inf, inf, inf, inf, inf, inf, inf, inf, inf, inf, inf, inf, inf, inf, inf, inf, inf, inf, inf, inf, inf, inf, inf, inf, inf, inf, inf, inf, inf, inf, inf, inf, inf, inf, inf, inf, inf, inf, inf, inf, inf, inf, inf, inf, inf, inf, inf, inf, inf, inf, inf, inf, inf, inf, inf, inf, inf, inf, inf, inf, inf, inf, inf, inf, inf, inf, inf, inf, inf, inf, inf, inf, inf, inf, inf, inf, inf, inf, inf, inf, inf, inf, inf, inf, inf, inf, inf, inf, inf, inf, inf, inf, inf, inf, inf, inf, inf, inf, inf, 2.61899995803833, 2.621000051498413, 2.621000051498413, 2.621000051498413, 2.609999895095825, 2.6070001125335693, 2.609999895095825, inf, 2.5950000286102295, 2.5950000286102295, 2.5969998836517334, 2.5959999561309814, 2.5969998836517334, 2.5829999446868896, 2.5840001106262207, 2.5959999561309814, 2.5829999446868896, 2.5810000896453857, inf, 2.5840001106262207, 2.5829999446868896, 2.5829999446868896, 2.5829999446868896, 2.5810000896453857, 2.5829999446868896, 2.5820000171661377, 2.5810000896453857, 2.5829999446868896, 2.5829999446868896, 2.5829999446868896, inf, 2.5810000896453857, 2.568000078201294, 2.5840001106262207, 2.569000005722046, 2.5820000171661377, 2.5820000171661377, inf, inf, inf, inf, 2.566999912261963, inf, inf, 2.265000104904175, inf, 2.562000036239624, 2.568000078201294, 2.568000078201294, 2.568000078201294, 2.566999912261963, 2.569000005722046, 2.566999912261963, inf, inf, inf, 1.718000054359436, 1.7009999752044678, 1.684000015258789, 1.694000005722046, 1.6710000038146973, 1.6460000276565552, 1.6490000486373901, 1.6410000324249268, 1.6440000534057617, inf, 1.6430000066757202, 1.6549999713897705, 1.656999945640564, 1.656000018119812, 1.6399999856948853, inf, inf, inf, 1.74399995803833, inf, inf, inf, 1.7200000286102295, 1.7300000190734863, 1.7430000305175781, 1.7350000143051147, 1.7450000047683716, 1.7489999532699585, 1.7740000486373901, 1.7740000486373901, inf, inf, inf, 2.5940001010894775, 2.5959999561309814, 2.5950000286102295, 2.6059999465942383, 2.6059999465942383, 2.6070001125335693, 2.6070001125335693, 2.6059999465942383, 2.6070001125335693, 2.6070001125335693, 2.609999895095825, inf, 2.6070001125335693, inf, 2.24399995803833, inf, inf, inf, inf, inf, 2.634000062942505, 2.632999897003174, 2.634000062942505, inf, 2.634000062942505, 2.634000062942505, 2.6449999809265137, 2.6449999809265137, inf, inf, 1.5260000228881836, 1.5420000553131104, 1.5190000534057617, 1.5360000133514404, inf, 1.524999976158142, inf, inf, 2.6659998893737793, 2.6689999103546143, 2.6730000972747803, 2.6700000762939453, 2.681999921798706, 2.680999994277954, 2.697000026702881, 2.696000099182129, inf, 2.694000005722046, 2.697000026702881, 2.694000005722046, inf, 1.1089999675750732, 1.1330000162124634, 1.1419999599456787, 1.128000020980835, 1.1330000162124634, 1.1510000228881836, inf, inf, 2.759000062942505, 2.756999969482422, 2.759000062942505, 2.7720000743865967, 2.7720000743865967, 2.7690000534057617, 2.7720000743865967, 2.7820000648498535, 2.7829999923706055, 2.796999931335449, inf, 2.7980000972747803, 2.7980000972747803, 2.806999921798706, inf, 2.819000005722046, inf, inf, inf, 2.8310000896453857, inf, 1.253999948501587, inf, 1.2330000400543213, 1.2309999465942383, 1.2339999675750732, 1.2400000095367432, 1.2410000562667847, 1.2410000562667847, inf, inf, 2.8889999389648438, 2.8989999294281006, 2.9079999923706055, inf, 2.9230000972747803, 2.921999931335449, 2.924999952316284, 2.934000015258789, 2.934999942779541, 2.947999954223633, 2.947999954223633, 2.9590001106262207, 2.9619998931884766, 2.9739999771118164, inf, inf, inf, inf, 2.9839999675750732, 2.996999979019165, 3.01200008392334, 3.010999917984009, 3.0220000743865967, 3.0339999198913574, 3.0369999408721924, 3.0490000247955322, inf, 3.0420000553131104, inf, 3.056999921798706, inf, inf, 1.430999994277954, 1.4149999618530273, 1.399999976158142, 1.3980000019073486, 1.406999945640564, inf, inf, 1.3589999675750732, 1.3600000143051147, 1.3450000286102295, 1.3539999723434448, 1.3509999513626099, 1.343000054359436, 1.343000054359436, 1.3279999494552612, 1.3109999895095825, 1.2949999570846558, inf, 1.3170000314712524, 1.3200000524520874, 1.3259999752044678, 1.3140000104904175, 1.3200000524520874, 1.319000005722046, 1.3240000009536743, inf, inf, inf, inf, inf, inf, inf, 2.119999885559082, 2.117000102996826, 2.11299991607666, inf, inf, inf, 1.0440000295639038, inf, inf, inf, 0.8709999918937683, inf, 0.9160000085830688, inf, inf, inf, inf, inf, inf, inf, inf, 1.656000018119812, 1.6670000553131104, 1.6610000133514404, 1.6540000438690186, 1.6549999713897705, 1.6469999551773071, 1.652999997138977, 1.652999997138977, 1.6490000486373901, 1.6449999809265137, 1.6430000066757202, inf, 1.6430000066757202, 1.628000020980835, 1.628999948501587, 1.628999948501587, 1.6390000581741333, 1.6419999599456787, 1.621000051498413, 1.6369999647140503, 1.6330000162124634, 1.6390000581741333, inf, inf, 4.107999801635742, inf, 1.9789999723434448, 1.9570000171661377, 1.9589999914169312, 1.9579999446868896, inf, inf, 4.281000137329102, inf, inf, inf, inf, 4.35699987411499, inf, inf, inf, 1.25600004196167, 1.2910000085830688, inf, inf, 2.9489998817443848, inf, 2.921999931335449, inf, 4.173999786376953, 4.177000045776367, 4.191999912261963, inf, inf, 3.0320000648498535, 3.002000093460083, inf, inf, inf, 3.552000045776367, 3.5480000972747803, 3.556999921798706, 3.552000045776367, 3.5369999408721924, 3.5329999923706055, inf, 3.194999933242798, inf, 3.197000026702881, inf, 3.203000068664551, 3.177000045776367, 3.1640000343322754, 3.1419999599456787, 3.1389999389648438, 3.140000104904175, 3.125, 3.1089999675750732, 3.119999885559082, 3.11899995803833, inf, inf, 2.73799991607666, 2.750999927520752, inf, inf, 5.910999774932861, 5.910999774932861, 5.895999908447266, inf, 2.8359999656677246, inf, inf, inf, inf, 5.965000152587891, 5.9629998207092285, 5.948999881744385, 5.951000213623047, 5.933000087738037, 5.921999931335449, 5.910999774932861, inf, inf, 2.5169999599456787, inf, inf, inf, inf, 6.057000160217285, 6.045000076293945, 6.041999816894531, 6.048999786376953, inf, inf, inf, 3.6470000743865967, inf, inf, inf, inf, inf, 5.553999900817871, inf, inf, 5.6479997634887695, 5.635000228881836, inf, inf, inf, 5.593999862670898, 5.593999862670898, 5.5920000076293945, inf, 5.574999809265137, 5.559000015258789, 5.552999973297119, 5.546999931335449, 5.5370001792907715, 5.5320000648498535, inf, inf, inf, inf, inf, inf, 0.6779999732971191, 0.6890000104904175, inf, 0.7730000019073486, inf, 0.6800000071525574, inf, inf, 0.7049999833106995, inf, 0.6859999895095825, inf, 0.7110000252723694, inf, inf, inf, 5.508999824523926, inf, inf, 5.497000217437744, inf, inf, inf, inf, inf, inf, inf, inf, inf, 5.390999794006348, inf, 5.453000068664551, 5.459000110626221, 5.461999893188477, 5.456999778747559, 5.464000225067139, 5.455999851226807, 5.454999923706055, 5.460999965667725, 5.460999965667725, inf, 5.454999923706055, 5.449999809265137, inf, 5.440999984741211, 5.454999923706055, 5.434999942779541, inf, inf, 3.822000026702881, inf, inf, inf, 5.434000015258789, 5.435999870300293, 5.440999984741211, inf)}